5565513501
 2558222716
 4628658709
 2524558290
 3575724625
 3602915662
 6133779034
 9049480745
 3436059529
 3121901261
 9396188108
 1006043428
 1467726690
 5684003597
 7754421340
  691730751
 6533444597
 2864146860
 7679333527
 7345172812
 4543304128
 4215084315
 2297816537
 8490393168
  118921333
 2030936330
 2314075509
 2699453186
  133712963
 5475653785
 3657529808
  474191367
 8201679505
 1740662088
 3436867577
 6687439041
 4735288014
 2180625095
 1814838063
 4142485849
 5962010815
 1451222160
 7459115994
 7531321824
  881107452
 6199363830
 3031454928
 7636839931
 3886601138
 9028207214
 5660061809
 1478747234
 6498990680
 8287006310
  332100683
 5741537206
 9397158019
  831099767
 4820310471
 6681980229
 7884841530
  827243604
   46151013
 2625215247
 9499843256
 6888479809
 7854116393
 8614842236
 2674990499
 3317060572
 2327760648
 6349176910
 4510607992
 4338164626
 3187286627
 8889744587
 7053018744
  716569497
 1951633870
  757585010
  556476814
 1449092272
 8297788246
 2066033121
 4757124905
 3664409142
 5438045372
 5965165537
 4867129016
 8707707529
  460012541
 1885899139
 1659714897
  700106185
 2414453067
 3951217869
 2271482511
 9361819413
 2455835782
 8997063931
  301350012
 3225050878
 7646095613
 6198577143
 8962179737
 5514906086
 6244622641
 4840616546
 3591754928
 8517699519
 3455701573
  572459763
 3337914715
 8779096634
 1570516592
 7653908243
  524542923
 3895171859
 1011841246
 6292797780
 1106513574
 7093102423
 9561388835
 3742806734
 8893692670
 9887374782
 1710848497
 1316977197
 8041698745
 3150101062
 3847112332
   67637814
  488453415
 3224655459
 7787238853
 5587262768
 8470603669
 6420188137
  711758896
 4312652515
 5865835305
 6332027027
 9458478740
 4846415922
 8108426118
 4319764828
 5157603805
 5453039013
 7843976298
 7616091151
 4866661491
  274492570
 1738301305
 1492953907
 6719815688
  434707619
 2578106539
 1694265395
 9403877494
 9399645582
 8786657903
 8087782934
 5762386281
 3144722893
 4042097615
 5375350512
  949262022
  606546093
  363088214
 6332749531
  465032803
 2749013425
 9295133354
 5500721520
 9292283778
 3401168034
 7248502622
 4106172393
 9642041309
 2362764370
 3642011996
  799337333
 2094707354
 5103333507
 7830801344
 5967335969
 8795095529
  501070260
 9149915758
 8207343448
 5962633334
 3406065276
 9825756976
 4747421233
 7661893144
 3747170760
 9899675785
 3985059345
  714106508
 6889999084
 9228524331
 6945818975
 9638865707
5565513501
 2558222716
 4628658709
 2524558290
 3575724625
 3602915662
 6133779034
 9049480745
 3436059529
 3121901261
 9396188108
 1006043428
 1467726690
 5684003597
 7754421340
  691730751
 6533444597
 2864146860
 7679333527
 7345172812
 4543304128
 4215084315
 2297816537
 8490393168
  118921333
 2030936330
 2314075509
 2699453186
  133712963
 5475653785
 3657529808
  474191367
 8201679505
 1740662088
 3436867577
