0.000000000
0.000264612
1.054355136
0.000194554
1.287142966
0.000309281
1.424291455
0.000276411
1.101726283
0.000373999
1.032856233
0.000305424
0.985624221
0.000243424
1.032755167
0.000265554
1.009633628
0.000287660
1.101894091
0.000263037
0.985874452
0.000295268
1.078299454
0.000214974
0.985842062
8.916614352
5.791891680
19.761352696
0.000284007
25.537416390
2.558592419
15.896223297
44.370837193
0.000251191
1.263847756
0.000183468
1.725665198
0.000169286
1.124898359
7.332510038
10.749973325
1.714073092
22.072496656
0.000261891
0.963495366
1.863696083
0.000214874
12.455684226
21.114987353
4.428132824
19.405280038
0.000236348
1.895877811
15.608216272
2.520204454
23.024952050
46.673110091
0.000257216
1.633028825
0.057218960
1.438919038
11.015600127
4.965406445
20.579879394
23.699059062
24.755485150
28.953425114
0.955805996
4.489213915
13.965684009
3.007647357
9.447158566
1.448009952
11.029013780
2.825278263
9.606809329
1.543462696
10.911193804
11.904095236
0.549704014
2.031469406
10.423371028
17.991145865
0.000336141
1.262548497
5.655354552
12.516783176
0.000173161
0.916988457
11.485051981
71.002539247
0.000212031
1.379872593
0.000200464
1.332602161
0.000207571
1.356213176
0.000411555
1.240339659
0.000255922
7.269871785
2.258759543
1.106268531
11.226741116
1.033629450
24.513095422
1.100259298
17.352857525
18.546044662
34.272065874
1.264151626
11.190096708
1.692152128
10.766863297
1.076456167
11.380481569
0.997725159
11.450053708
4.645274877
7.809356626
