0.000331179
0.000256830
0.000281504
0.000177109
0.000205468
0.000233279
0.000216774
0.000203227
0.000217023
0.000248483
0.000175862
0.000167113
0.000165545
0.000181008
0.000279799
0.000273473
0.000168742
0.000199510
0.000190063
0.000166388
0.000264199
0.000225227
0.000364052
0.000233730
0.000297823
0.000166276
0.000228495
0.000256209
0.000203422
0.000260621
0.000171558
0.000181242
0.000221652
0.000176553
0.000241594
0.000175881
0.000268055
0.000174517
0.000192319
0.000174924
0.000160329
0.000229874
0.000327748
0.000224748
0.000189253
0.000206961
0.000287967
0.000283556
0.000274316
0.000177910
0.000230281
0.000190818
0.000165686
0.000220667
0.000246589
0.000178663
0.000215197
0.000244325
0.000214100
0.000196604
0.000314203
0.000165353
0.000433610
0.000226705
0.000238490
0.000316154
0.000269463
0.000349220
0.000261142
0.000301478
0.000162628
0.000198454
0.000264854
0.000360230
0.000249397
0.000249922
0.000159985
0.000164583
0.000162256
0.000267355
0.000168616
0.000278292
0.000174518
0.000184533
0.000378615
0.000176936
0.000195037
0.000225040
0.000286275
0.000164117
0.000176713
0.000176504
0.000175280
0.000174187
0.000205448
0.000289565
0.000310638
0.000277595
0.000185557
0.000175384
0.000207948
