0.069719000
0.046124000
0.062677000
0.036809000
0.072023000
0.068291000
0.070508000
0.034785000
0.058142000
0.060231000
0.032138000
0.033415000
0.062844000
0.034590000
0.040925000
0.043722000
0.063870000
0.036679000
0.050350000
0.044497000
0.036001000
0.069847000
0.051174000
0.038620000
0.042311000
0.058599000
0.048169000
0.060758000
0.060218000
0.037712000
0.059993000
0.037331000
0.065367000
0.061605000
0.058081000
0.037560000
0.049494000
0.042907000
0.053162000
0.068549000
0.064033000
0.041937000
0.067512000
0.038763000
0.071377000
0.042055000
0.056473000
0.053626000
0.050330000
0.034271000
0.056939000
0.060877000
0.048327000
0.056175000
0.069902000
0.064037000
0.059682000
0.068467000
0.063746000
0.051404000
0.072034000
0.037045000
0.042717000
0.066368000
0.051739000
0.045792000
0.068277000
0.044293000
0.066119000
0.037252000
0.038136000
0.050159000
0.032705000
0.039164000
0.073143000
0.041683000
0.054738000
0.063724000
0.062736000
0.059493000
0.038373000
0.052314000
0.059492000
0.060515000
0.053518000
0.050082000
0.054778000
0.051980000
0.042599000
0.043999000
0.064379000
0.060331000
0.060575000
0.035823000
0.062791000
0.036970000
0.060218000
0.056443000
0.056682000
0.064782000
0.042807000
0.038131000
0.057441000
0.035027000
0.071095000
0.040250000
0.064871000
0.036509000
0.070384000
0.047342000
0.049329000
0.052285000
0.043746000
0.036397000
0.053170000
0.057343000
0.042981000
